4
125 60
0   140 430   560 
140 0   420   850 
430 220 0     310 
560 850 310   0
4 8 
3 7
5 10
11 20
3
25
NP 0 38 1 270
EP 3 22 4 400 7
SP 8 24 4 450
SP 1 50 1 320
EP 12 9 2 200 6
NP 9 47 5 490
SP 12 11 3 370
EP 2 14 1 310 8
SP 6 33 2 360
SP 9 32 2 450
SP 3 28 3 180
NP 5 42 3 290
NP 8 31 3 140
EP 10 26 2 260 5
EP 6 18 5 520 9
SP 7 19 4 230
NP 12 35 1 410
EP 13 16 2 330 7
SP 7 21 5 350
NP 4 19 4 230
SP 9 32 2 450
SP 3 28 3 180
NP 5 42 3 290
SP 8 31 3 140
EP 10 26 2 260 5
4
20 35 1
9 38 1
11 31 3
9 42 3











